1
10
10431
10443
10447
10504
10533
10587
10596
10597
10598
10599
1086
1093
1095
11
1136
12
123
124
125
126
127
128
129
13
130
131
134
135
1375
138
139
1399
14
141
1423
1429
143
1435
1437
1439
1441
1446
1452
1472
1477
1482
1486
1494
1499
15
1503
1511
1513
154
1540
1544
158
16
1617
1634
1641
1642
1643
1647
1650
1671
1676
1689
1693
1699
17
1701
1709
1718
1719
1722
1736
1752
177
1783
1789
1799
18
1806
1809
1810
1811
1812
1813
1815
1821
1823
1824
1827
1828
1833
1837
1840
1843
1847
1857
1868
1900
1935
1949
1973
2
20
2028
2034
2044
2045
2060
2068
2071
2072
21
22
223
2237
224
2240
2242
225
226
2261
23
232
233
24
25
253
254
255
26
27
28
29
294
3
30
344
345
346
347
348
349
350
351
352
353
354
3546
355
3557
356
357
358
359
360
384
385
396
4
4080
4087
413
4136
4180
4191
422
4246
4276
428
4283
4365
4368
4374
4377
4709
4808
4895
511
6
742
743
7609
771
772
775
776
777
778
779
780
787
788
790
792
815
821
822
823
824
825
828
853
897
8976
8993
9
904
926
987
