1 279771136
10 0
1007 69632
1062 102400
1065 0
1067 0
11 0
1108 466944
12 0
123 0
124 0
125 0
126 0
127 0
128 0
129 0
13 0
130 0
131 0
134 0
135 0
138 0
1389 15323136
139 0
14 0
140 1400832
1404 36864
141 0
1415 9396224
1416 0
142 0
1423 98304
1425 5877760
1427 0
143 0
1433 118784
1436 0
1441 0
1459 0
1466 0
1471 0
1475 4096
1477 106496
1479 3760128
1486 0
1492 0
1497 0
15 0
1528 5537792
154 0
158 184320
1596 0
16 0
1604 0
1621 45056
1628 12288
1629 1630208
1632 761856
1638 0
1641 0
1642 4096
1650 0
1666 0
1669 1220608
1678 0
1680 233472
1688 0
1697 737280
1698 7430144
17 0
1701 0
1714 94208
1733 6773760
1764 4657152
177 0
1770 4128768
1781 0
1788 0
1790 8192
1792 77824
1795 53248
1796 4096
1797 0
18 0
1800 0
1804 0
1805 0
1808 28672
1810 36864
1815 0
1819 0
1821 0
1825 0
1832 0
1834 708608
1836 0
1839 5398528
1840 24576
1886 0
1888 400384
1940 2023424
2 0
20 0
2010 2945024
2020 2236416
2027 110448640
2031 83677184
2055 434176
2056 2195456
2072 6471680
2080 2105344
2083 7880704
2084 30158848
21 0
22 0
221 151552
222 0
226 0
2262 225280
2268 29483008
227 0
2270 14405632
228 0
2287 6037504
229 0
23 0
232 0
233 0
24 0
25 0
253 0
254 0
255 0
2572 4096
26 0
2628 0
27 0
28 0
29 0
294 56946688
3 0
30 0
32 8192
3259 0
3271 0
3275 0
3305 688128
346 72992256
347 1380352
348 1527808
349 774144
350 1486848
351 1466368
352 671744
353 593920
354 630784
355 606208
356 1384448
357 1437696
358 712704
359 589824
360 1507328
361 139264
362 622592
363 11915264
364 1576960
365 1867776
389 0
394 0
395 0
4 0
413 0
420 0
461 0
464 0
466 0
6 0
7 36864
791 4141056
792 126976
796 2273280
797 94208
799 663552
800 1216512
802 184320
803 2916352
804 925696
805 10756096
813 114688
814 9728000
833 1429504
835 1101824
837 31070208
846 204800
847 688128
848 4030464
849 4071424
850 4218880
854 0
882 1941504
9 0
921 3497984
931 4186112
936 7573504
