1 
10 
1008 
1035 
1038 
1041 
11 
1115 
12 
123 
124 
125 
126 
127 
128 
129 
13 
130 
131 
134 
135 
1353 
138 
139 
1390 
14 
141 
1421 1421:18361344
1422 
143 
1432 1432:126976
1434 1434:5283840
1436 1436:0
1440 
1445 1445:0
1450 1450:0
1469 1469:0
1474 1474:0
1479 1479:0
1483 1483:4096
1491 1491:0
1497 1497:0
15 
1501 1501:0
1507 1507:106496
1510 1510:4214784
1534 
154 
1540 1540:5394432
158 
16 
1613 
1630 1630:40960
1637 1637:12288
1638 1638:1630208
1641 1641:761856
1643 1643:0
1646 1646:0
1655 1655:4096
1661 1661:0
1683 1683:1306624
1686 1686:0
1697 1697:0
17 
1703 1703:7524352
1711 1711:233472
1713 1713:0
1716 1716:0
1728 1728:737280
1748 1748:10773504
1753 1753:225280
177 
1787 1787:4378624
1793 1793:3997696
18 
1804 1804:0
1813 1813:0
1814 1814:8192
1815 1815:77824
1819 1819:53248
1820 1820:4096
1823 1823:4096
1826 1826:0
1829 1829:0
1830 1830:0
1833 1833:28672
1835 1835:143360
1839 1839:0
1843 1843:0
1845 1845:0
1847 1847:0
1849 1849:0
1854 1854:0
1874 1874:5308416
1875 1875:708608
1879 1879:24576
1919 1919:388096
1921 1921:0
1983 1983:2424832
1991 1991:221184
2 
20 
2056 2056:110833664
2061 2061:83587072
2071 2071:364544
2072 2072:2265088
2089 2089:6266880
21 
2116 2116:2105344
2119 2119:6135808
2120 2120:32083968
22 
2237 2237:99262464
2239 2239:17764352
224 
225 
2258 
226 
227 
23 
231 
232 
24 
2401 2401:87099392
25 
251 
253 
254 
26 
27 
28 
29 
293 
3 
30 
344 
345 
346 
347 
348 
349 
350 
351 
352 
353 
354 
355 
356 
357 
358 
359 
360 
361 
3662 3662:152834048
3730 3730:30941184
3771 3771:2629632
3807 3807:700416
385 
3860 3860:606208
390 
398 
4 
406 
4085 4085:2609152
409 
4096 4096:7884800
4128 4128:16384
4752 
4765 4765:6549504
4799 4799:4485120
4805 4805:49152
502 
505 
5091 
5116 
5548 
6 
763 
765 
778 
779 
781 
782 
785 
786 
787 
788 
795 
813 
816 
822 
824 
827 
828 
829 
830 
831 
839 
8551 
8555 
8558 
8575 
864 
8778 
9 
9051 
9063 9063:0
9072 9072:0
9073 
9074 
9075 
912 
932 
938 
